transition,trans_no,avg_time,SE_time,avg_edge.length
armature->no_armature,1,7.77669054232155,0.3832840267903082,25.584772021755473
armature->no_armature,2,10.196217497752675,0.3649917568210132,36.528746605144875
armature->no_armature,3,12.038116722727844,0.3470713901057083,46.54075818774434
armature->no_armature,4,13.541477744307528,0.329088814683084,55.84138336708273
armature->no_armature,5,14.694073020941964,0.3198160844763021,63.469077940630726
armature->no_armature,6,15.850113540850215,0.33249415517370495,73.21564493314074
armature->no_armature,7,17.124532042426477,0.3402486026797222,86.92381537778513
armature->no_armature,8,18.375492765709026,0.3366773983127933,102.7156291551254
armature->no_armature,9,19.483576661657704,0.3533579312281049,118.70166313811131
armature->no_armature,10,20.758176136210942,0.3855902081995556,141.6337151212231
armature->no_armature,11,22.033541478610406,0.40758853073718665,170.86550222283785
armature->no_armature,12,23.130410435374973,0.39790200964998795,197.51663232224928
armature->no_armature,13,24.11593364373933,0.3894788984811949,222.71581977215425
armature->no_armature,14,25.07742936700703,0.39236948143475064,254.8879628467793
armature->no_armature,15,25.937418175422636,0.39310333528875374,288.10693331233426
armature->no_armature,16,26.74146130518238,0.3729298108153504,313.635934888292
armature->no_armature,17,27.544158546228005,0.3619664110986313,349.0271396296667
armature->no_armature,18,28.243500329875037,0.3398310922985647,386.98852525840533
armature->no_armature,19,28.90157784698366,0.3086617380273985,415.0868200828022
armature->no_armature,20,29.535253015228562,0.2767115143916397,446.6580117490562
armature->no_armature,21,30.042339018993886,0.2605187017060618,473.0059857641121
armature->no_armature,22,30.641670211969185,0.24538894908223327,510.38667689009117
armature->no_armature,23,31.213195692045254,0.21484155354857898,561.1112099660347
armature->no_armature,24,31.611210895960838,0.20585098620731979,600.6522364629126
armature->no_armature,25,32.001975892110806,0.19395779882621844,625.9701759455484
armature->no_armature,26,32.317410764102675,0.17988755543426793,656.5302433711831
armature->no_armature,27,32.68990024810767,0.17302789755741668,679.2285473375713
armature->no_armature,28,32.988598198811594,0.16595300495291554,703.8199329856909
armature->no_armature,29,33.28548269810213,0.1625644440748345,748.02868888511
armature->no_armature,30,33.60508368137629,0.1544931015307688,809.7676934301104
armature->no_armature,31,33.89529671395649,0.1503932492589033,844.1519554578299
armature->no_armature,32,34.14249064290841,0.14953078326412708,863.9303686904328
armature->no_armature,33,34.37125239000025,0.14816104038552688,905.3650409149444
armature->no_armature,34,34.61532118447787,0.14585584586553266,927.8892369087765
armature->no_armature,35,34.90523764364429,0.13802682337816807,967.7486179103831
armature->no_armature,36,35.13912896059028,0.1334565152075224,999.9632517690474
armature->no_armature,37,35.35951228154436,0.12975429254408047,1032.6245763964826
armature->no_armature,38,35.57877485147828,0.12569616353867116,1071.184002036362
armature->no_armature,39,35.77893877075953,0.12300733396768378,1119.41015681086
armature->no_armature,40,35.94666953326919,0.12180658532849711,1148.3028533161212
armature->no_armature,41,36.144584118202545,0.11824943198515875,1191.8669984309029
armature->no_armature,42,36.30182371410021,0.11345510619105328,1211.7647569272065
armature->no_armature,43,36.45484169289883,0.1084866659433648,1242.9045357810337
armature->no_armature,44,36.61584880018968,0.1073448937915786,1271.904723184889
armature->no_armature,45,36.79175811383918,0.10609797024972983,1326.647024648195
armature->no_armature,46,36.95873961272457,0.10529341564652235,1387.8517273510124
armature->no_armature,47,37.11786425255675,0.09937793310304159,1410.3895135153564
armature->no_armature,48,37.272358601790316,0.09667115688885353,1429.722971784593
armature->no_armature,49,37.41677490591122,0.09409879850092706,1475.6280066381273
armature->no_armature,50,37.57165929242244,0.09200190002476699,1517.4753939999018
armature->no_armature,51,37.708657798288016,0.09260603538609416,1549.6560522270581
armature->no_armature,52,37.85889864840472,0.09104847042560078,1596.3129470843357
armature->no_armature,53,38.006721942840514,0.0929025581686486,1642.1702677942578
armature->no_armature,54,38.149328303333306,0.0934748494603682,1678.3847164413676
armature->no_armature,55,38.30455551868195,0.09072973041550707,1707.3610467734168
armature->no_armature,56,38.43372808828134,0.0862077249438908,1733.908766285908
armature->no_armature,57,38.573107976239,0.0827475291850408,1782.170840743582
armature->no_armature,58,38.69319582494223,0.08088276570164389,1852.1472701464377
armature->no_armature,59,38.79774022098001,0.07947235962230968,1871.4568713438684
armature->no_armature,60,38.91349160653186,0.07789860576876353,1931.790428683912
armature->no_armature,61,39.02030915524708,0.07523836612000472,1975.2191385742765
armature->no_armature,62,39.153048427453584,0.07232858767630576,2023.4812130319503
armature->no_armature,63,39.261686501401194,0.07070959565606305,2095.862396182558
armature->no_armature,64,39.360673824000436,0.06854384086143535,2117.57675112774
armature->no_armature,65,39.46111218524908,0.06535922436154608,2153.7673427030436
armature->no_armature,66,39.56345349047154,0.06336791430516021,2168.243579333165
armature->no_armature,67,39.658564708034646,0.0609962984167765,2218.9104075385903
armature->no_armature,68,39.75171510403791,0.05894014975007123,2233.386644168712
armature->no_armature,69,39.85231124980563,0.05541957551533307,2255.1009991138944
armature->no_armature,70,39.93322286640878,0.0540464759781295,2269.5772357440155
armature->no_armature,71,40.008644038875296,0.0524618596798435,2284.053472374137
armature->no_armature,72,40.093592814688876,0.04916601024813146,2291.291590689198
armature->no_armature,73,40.145765032248036,0.04846542825513151,2290.9260291581345
armature->no_armature,74,40.224998276618635,0.04604077245720532,2298.237259779408
armature->no_armature,75,40.29150689438685,0.04443148057497667,2305.548490400681
armature->no_armature,76,40.351462739968625,0.04358501316194872,2312.8597210219546
armature->no_armature,77,40.39448708291611,0.042770358469067814,2312.5582269757165
armature->no_armature,78,40.43852231044106,0.03933296009820415,2319.8631103539115
armature->no_armature,79,40.49824399341967,0.0383054394874016,2319.8631103539115
armature->no_armature,80,40.55002398199387,0.03632823563714854,2319.782056397416
armature->no_armature,81,40.58894276456881,0.03585216310464972,2319.6992593450814
armature->no_armature,82,40.62882544636897,0.03380485898436068,2327.4821822645017
armature->no_armature,83,40.675654336072945,0.03273497820918113,2327.4821822645017
armature->no_armature,84,40.71216299787946,0.03287139062529494,2327.4821822645017
armature->no_armature,85,40.75902383180523,0.032348917484052046,2327.4821822645017
armature->no_armature,86,40.78655311650454,0.03036242411227504,2327.4821822645017
armature->no_armature,87,40.811202131583,0.02954898899581888,2327.4821822645017
armature->no_armature,88,40.835185136529965,0.030355325119566057,2327.4821822645017
armature->no_armature,89,40.845272738032676,0.030261615633809524,2327.4821822645017
armature->no_armature,90,40.86028102605176,0.03113647422398875,2327.4821822645017
armature->no_armature,91,40.87755847469768,0.03223398040956309,2327.4821822645017
no_armature->armature,1,6.949961710773285,0.6114478500981133,29.86519888166513
no_armature->armature,2,15.914865430433919,0.5770908767839303,84.12740713995157
no_armature->armature,3,20.1375841705773,0.4863582776712427,136.38466631370622
no_armature->armature,4,22.48711011071212,0.38864533998412376,178.30947676288616
no_armature->armature,5,24.686967780766434,0.37651968868124497,236.9338634981605
no_armature->armature,6,26.284701622906727,0.350519064431663,292.9276504850168
no_armature->armature,7,27.831148544003483,0.3203881579375123,357.7139803023928
no_armature->armature,8,29.142784789987942,0.2913130730730858,424.2292589866935
no_armature->armature,9,30.276544830998322,0.26259505366354485,491.4998187015478
no_armature->armature,10,31.292064951547655,0.22779524725375425,561.9683201258946
no_armature->armature,11,32.156242111815814,0.1841372193794469,625.373667732251
no_armature->armature,12,32.904532340456754,0.1621528439385301,701.1662367121661
no_armature->armature,13,33.490571822220744,0.14281761055524866,767.0979336563535
no_armature->armature,14,33.97944305124159,0.14014879838484132,824.990855899669
no_armature->armature,15,34.49720342299204,0.12627741287848712,905.1954601469555
no_armature->armature,16,34.882590760754056,0.12301744603369473,965.279945149936
no_armature->armature,17,35.291182103790455,0.11966555491331346,1024.8119842909564
no_armature->armature,18,35.67052134034044,0.11873185943939958,1087.4307418687877
no_armature->armature,19,36.07795015549485,0.11854622964830203,1158.8127284839934
no_armature->armature,20,36.42929670824574,0.1125711210225587,1230.1409696499022
no_armature->armature,21,36.74121228166773,0.11117746602451736,1317.0340409628736
no_armature->armature,22,37.06850723903115,0.10178883677506623,1392.6850919183216
no_armature->armature,23,37.36408037811968,0.09804803188881278,1448.2031104571772
no_armature->armature,24,37.62026950936873,0.10223151603371781,1547.2274414075005
no_armature->armature,25,37.89567768741798,0.10013562767008741,1615.5986912099604
no_armature->armature,26,38.16943335191818,0.09145556155712174,1697.6704605669922
no_armature->armature,27,38.405244302733195,0.09022643966623871,1750.7897566637812
no_armature->armature,28,38.60795680916987,0.08900878331570819,1840.075787264068
no_armature->armature,29,38.82862331142797,0.08490418938133439,1914.8855812342329
no_armature->armature,30,39.01840323166229,0.08025337379159354,1963.1476556919067
no_armature->armature,31,39.17691921885036,0.0800029280886152,2054.838440039945
no_armature->armature,32,39.36437393619397,0.07462557491457886,2088.624277867497
no_armature->armature,33,39.52217840607415,0.07168117412014291,2153.7673427030436
no_armature->armature,34,39.676283098621774,0.06485149110878191,2204.434170908469
no_armature->armature,35,39.81680593218609,0.06056722705884127,2247.8628807988334
no_armature->armature,36,39.916569556744136,0.05419369165779853,2269.5772357440155
no_armature->armature,37,40.041906000338905,0.04969697438209706,2284.053472374137
no_armature->armature,38,40.13134813947852,0.04801223377559832,2291.291590689198
no_armature->armature,39,40.24328402713798,0.04355212421497662,2313.00594563438
no_armature->armature,40,40.34064597980924,0.040436471116830436,2327.4821822645017
no_armature->armature,41,40.428718528516434,0.03819266173260914,2327.4821822645017
no_armature->armature,42,40.509534697417735,0.03714033972176059,2327.4821822645017
no_armature->armature,43,40.598456373147314,0.03424902241421933,2327.4821822645017
no_armature->armature,44,40.66836499365556,0.03212937085860873,2327.4821822645017
no_armature->armature,45,40.73632739361222,0.03104338224910982,2327.4821822645017
no_armature->armature,46,40.79745188135403,0.028350089797891418,2327.4821822645017
no_armature->armature,47,40.84135609039608,0.027174012907016896,2327.4821822645017
no_armature->armature,48,40.87559457129097,0.02660241978767981,2327.4821822645017
no_armature->armature,49,40.9107484987855,0.025283783100889422,2327.4821822645017
no_armature->armature,50,40.92678897868637,0.024617129264565354,2327.4821822645017
no_armature->armature,51,40.94406728650954,0.02623818931035653,2327.4821822645017
no_armature->armature,52,40.956043158828315,0.027593535991067043,2327.4821822645017
